44 3
45 11
47 19
48 27
49 35
50 6183
51 6191
51 43
52 6199
52 6207
52 51
53 6215
53 59
53 6223
55 67
63 75
63 6231
64 83
65 91
65 6239
66 99
67 107
67 6247
69 115
69 6255
70 123
71 131
71 6263
72 139
73 147
73 6271
74 155
74 163
74 6279
75 171
76 179
76 6287
77 187
78 195
78 6295
78 203
79 211
79 6303
80 219
81 227
81 6311
81 235
83 243
83 6319
84 251
84 6327
86 259
87 267
87 6335
88 275
89 283
89 6343
90 291
91 299
91 6351
94 307
95 315
95 6359
96 323
97 331
97 6367
98 339
100 347
100 6375
101 355
102 363
102 6383
103 371
104 379
104 6391
104 387
105 395
105 6399
106 403
107 411
107 6407
108 419
109 427
109 6415
110 435
111 443
111 6423
112 451
112 459
112 6431
114 467
114 6439
114 475
115 483
115 6447
116 491
117 499
117 6455
125 6463
126 507
126 6471
127 515
127 6479
127 523
127 6487
128 531
128 6495
129 539
129 6503
130 547
130 6511
130 555
131 6519
132 563
132 6527
132 571
132 6535
133 579
133 6543
134 587
134 6551
135 595
135 6559
135 603
135 6567
136 611
136 6575
137 619
137 627
137 6583
138 635
138 6591
138 643
138 6599
139 651
139 6607
139 659
139 6615
140 667
140 6623
141 6631
141 675
141 6639
142 683
142 6647
143 691
143 6655
143 699
143 6663
144 707
144 6671
145 715
145 6679
145 723
145 6687
146 731
146 6695
147 739
147 747
147 6703
148 755
148 6711
149 763
149 6719
150 771
150 6727
150 779
150 6735
151 6743
152 787
152 6751
152 795
152 6759
153 803
153 6767
154 811
154 6775
154 819
154 6783
155 827
155 6791
156 835
156 6799
156 843
156 6807
157 851
157 6815
158 859
158 6823
158 6831
159 867
159 6839
159 6847
160 875
160 6855
160 6863
160 883
160 6871
161 6879
161 891
161 6887
161 899
162 907
162 6895
162 915
162 6903
163 923
163 6911
163 6919
163 931
163 6927
164 939
164 6935
165 947
165 6943
165 955
165 6951
165 963
166 6959
166 971
166 6967
167 6975
167 979
167 987
167 6983
168 995
168 6991
168 1003
168 6999
168 1011
168 7007
169 1019
169 7015
169 1027
169 7023
170 1035
170 7031
170 1043
170 1051
170 7039
171 1059
171 7047
171 7055
172 1067
172 7063
172 1075
173 7071
173 1083
173 7079
173 1091
174 1099
174 7087
174 1107
174 7095
174 1115
174 7103
175 1123
175 7111
175 7119
176 1131
176 7127
176 1139
176 7135
177 7143
177 7151
177 1147
177 7159
178 1155
178 7167
178 7175
178 1163
179 7183
179 7191
179 7199
179 7207
180 1171
180 7215
180 1179
180 7223
181 7231
181 1187
181 1195
181 7239
181 1203
181 7247
182 1211
182 7255
182 1219
182 1227
182 7263
183 1235
183 7271
183 1243
183 7279
184 7287
184 1251
184 7295
184 1259
184 7303
185 1267
185 7311
185 1275
185 7319
185 1283
185 7327
185 1291
186 7335
186 1299
186 7343
186 1307
186 7351
187 7359
187 1315
187 7367
187 1323
188 7375
188 1331
188 7383
188 1339
188 7391
188 7399
189 7407
189 1347
189 7415
189 7423
189 1355
189 7431
190 7439
190 1363
190 7447
191 1371
191 7455
191 7463
191 1379
191 7471
191 1387
191 7479
191 7487
192 7495
192 1395
192 7503
192 7511
192 1403
193 7519
193 1411
193 7527
193 1419
193 7535
193 1427
193 7543
194 1435
194 7551
194 1443
194 7559
198 7567
198 1451
198 1459
198 7575
199 1467
199 7583
199 7591
199 1475
199 7599
200 1483
200 7607
200 1491
200 7615
200 1499
200 7623
200 1507
200 7631
200 1515
201 7639
201 1523
201 7647
201 1531
201 7655
201 1539
201 7663
201 1547
202 7671
202 1555
202 7679
202 1563
202 7687
202 1571
202 7695
203 7703
203 1579
203 7711
203 7719
204 1587
204 7727
204 1595
204 1603
204 7735
204 7743
204 1611
205 7751
205 1619
205 7759
205 7767
205 1627
206 7775
206 1635
206 7783
206 1643
206 7791
206 1651
207 7799
207 7807
207 1659
207 7815
207 1667
207 7823
208 1675
208 7831
208 7839
208 1683
208 7847
209 7855
209 1691
209 7863
209 7871
209 1699
209 7879
210 1707
210 7887
210 7895
210 1715
210 7903
210 1723
211 7911
211 1731
211 7919
211 1739
211 7927
212 7935
212 1747
212 7943
212 7951
212 1755
212 7959
213 7967
213 1763
213 7975
213 7983
213 7991
213 7999
214 1771
214 8007
214 8015
214 1779
214 8023
215 1787
215 8031
215 1795
215 8039
215 1803
215 8047
215 1811
216 8055
216 8063
216 1819
216 8071
216 1827
216 8079
216 1835
217 8087
217 1843
217 8095
217 1851
217 8103
218 8111
218 1859
218 8119
218 8127
218 1867
218 8135
219 8143
219 1875
219 8151
219 8159
220 8167
220 8175
220 1883
220 8183
220 1891
220 8191
221 1899
221 8199
221 8207
221 8215
221 8223
221 1907
222 8231
222 1915
222 8237
222 1923
222 1931
223 1939
223 1947
223 1955
223 1963
224 1971
224 1979
224 1987
224 1995
224 2003
225 2011
225 2019
225 2027
225 2035
226 2043
226 2051
226 2057
