49 4123
50 4131
52 4139
53 4147
55 4155
63 4163
64 4171
65 3101
66 3109
66 4179
67 3117
67 4187
69 3125
69 4195
69 3133
69 4203
70 3141
70 4211
71 3149
72 3157
72 4219
73 3165
74 3173
74 4227
74 3181
75 3189
75 4235
76 3197
77 3205
77 4243
78 3213
78 3221
78 4251
79 3229
79 4259
80 3237
80 4267
81 3245
81 3253
81 4275
83 3261
83 4283
84 3269
84 4291
86 3277
86 4299
87 3285
88 3293
88 4307
89 3301
90 3309
90 4315
91 3317
94 3325
94 4323
95 3333
96 3341
96 4331
97 3349
97 4339
98 3357
98 4347
100 3365
100 4355
101 3373
101 4363
102 3381
103 3389
103 4371
104 3397
104 3405
104 4379
105 3413
106 3421
106 4387
107 3429
108 3437
108 4395
109 3445
110 3453
110 4403
111 3461
112 3469
112 4411
112 3477
113 3485
113 4419
114 3493
114 3501
114 4427
115 3509
116 3517
116 4435
117 3525
117 3533
117 4443
118 3541
118 3549
118 4451
118 3557
119 3565
119 4459
119 3573
119 3581
119 4467
120 3589
120 3597
120 4475
120 3605
120 3613
120 4483
121 3621
121 3629
121 4491
121 3637
122 3645
122 4499
122 3653
122 3661
122 4507
122 3669
123 3677
123 4515
123 3685
123 3693
123 4523
124 3701
124 3709
124 4531
124 3717
125 3725
125 4539
125 3733
125 3741
125 4547
125 3749
126 3757
126 4555
127 3765
127 3773
127 4563
128 3781
129 3789
129 4571
130 3797
130 3805
130 4579
131 3813
131 4587
132 3821
132 3829
132 4595
133 3837
134 3845
134 4603
135 3853
135 3861
135 4611
136 3869
137 3877
137 4619
137 3885
138 3893
138 4627
138 3901
139 3909
139 4635
139 3917
140 3925
140 4643
141 3933
141 3941
141 4651
142 3949
143 3957
143 4659
143 3965
144 3973
144 4667
145 3981
145 3989
145 4675
146 3997
147 4005
147 4683
147 4013
148 4021
148 4691
149 4029
149 4699
149 4037
150 4045
150 4707
150 4053
151 4061
151 4715
152 4069
152 4077
152 4723
153 4085
154 4093
154 4731
154 4101
155 4109
155 4739
156 4116
156 4747
158 4755
158 4763
159 4771
159 4779
160 4787
161 4795
161 4803
161 4811
162 4819
163 4827
163 4835
164 4843
164 4851
165 4859
166 4867
166 4875
166 4883
167 4891
168 4899
168 4907
169 4915
170 4923
171 4931
171 4939
171 4947
172 4955
172 4963
173 4971
173 4979
174 4987
174 4995
175 5003
175 5011
175 5019
176 5027
176 5035
176 5043
177 5051
177 5059
177 5067
178 5075
178 5083
178 5091
178 5099
179 5107
179 5115
179 5123
180 5131
180 5139
180 5147
181 5152
