49 2063
50 2071
51 2079
53 2087
55 2095
63 2103
64 5157
64 2111
65 5165
65 2119
66 5173
66 2127
67 5181
67 2135
69 5189
69 2143
69 5197
69 2151
70 5205
70 2159
71 5213
71 2167
72 5221
72 2175
73 5229
73 2183
74 5237
74 2191
74 5245
74 2199
75 5253
75 2207
76 5261
76 2215
77 5269
77 2223
78 5277
78 2231
78 5285
78 2239
79 5293
79 2247
80 5301
80 2255
81 5309
81 2263
81 5317
81 2271
83 5325
83 2279
84 5333
84 2287
86 5341
86 2295
87 5349
87 2303
88 5357
88 2311
89 5365
89 2319
90 5373
90 2327
91 5381
91 2335
94 5389
94 2343
95 5397
95 2351
96 5405
96 2359
97 5413
97 2367
98 5421
98 2375
100 5429
100 2383
101 5437
101 2391
102 5445
102 2399
103 5453
103 2407
104 5461
104 2415
104 5469
104 2423
105 5477
105 2431
106 5485
106 2439
107 5493
107 2447
108 5501
108 2455
109 5509
109 2463
110 5517
110 2471
111 5525
111 2479
112 5533
112 2487
112 5541
112 2495
113 5549
113 2503
114 5557
114 2511
114 5565
114 2519
115 5573
115 2527
116 5581
116 2535
117 5589
117 2543
117 5597
118 5605
118 2551
118 5613
118 5621
118 2559
119 5629
119 5637
119 2567
119 5645
120 5653
120 2575
120 5661
120 5669
120 2583
120 5677
121 5685
121 2591
121 5693
121 5701
121 2599
122 5709
122 5717
122 2607
122 5725
122 5733
122 2615
123 5741
123 5749
123 2623
123 5757
124 5765
124 2631
124 5773
124 5781
124 2639
125 5789
125 5797
125 2647
125 5805
125 5813
125 2655
126 5821
127 5829
127 2663
127 5837
128 5845
128 2671
129 5853
130 5861
130 2679
130 5869
131 5877
131 2687
132 5885
132 2695
132 5893
133 5901
133 2703
134 5909
135 2711
135 5917
136 5925
136 2719
137 5933
137 2727
138 5941
138 2735
139 5949
139 5957
139 2743
141 5965
141 2751
142 5973
142 2759
143 5981
143 5989
143 2767
144 5997
145 6005
145 2775
145 6013
146 6021
146 2783
147 6029
147 6037
147 2791
148 6045
149 6053
149 2799
149 6061
149 2807
150 6069
150 6077
150 2815
151 6085
152 6093
152 2823
152 6101
153 6109
153 2831
154 6117
154 6125
154 2839
155 6133
156 6141
156 2847
156 6149
157 6157
157 2855
158 6165
158 6173
158 2863
158 6178
158 2871
159 2879
160 2887
160 2895
161 2903
161 2911
162 2919
162 2927
163 2935
163 2943
164 2951
165 2959
165 2967
166 2975
166 2983
167 2991
167 2999
167 3007
168 3015
169 3023
170 3031
170 3039
171 3047
171 3055
172 3063
172 3071
173 3079
173 3087
174 3094
